32
0 0 1 1 1 1
0 1 1 1 1 1
0 2 1 1 1 1
0 3 1 1 1 1
0 4 1 1 1 1
0 5 1 1 1 1
0 6 1 1 1 1
0 7 1 1 1 1
0 8 1 1 1 1
0 9 1 1 1 1
0 10 1 1 1 1
0 11 1 1 1 1
0 12 1 1 1 1
0 13 1 1 1 1
0 14 1 1 1 1
0 15 1 1 1 1
0 16 1 1 1 1
0 17 1 1 1 1
0 18 1 1 1 1
0 19 1 1 1 1
0 20 1 1 1 1
0 21 1 1 1 1
0 22 1 1 1 1
0 23 1 1 1 1
0 24 1 1 1 1
0 25 1 1 1 1
0 26 1 1 1 1
0 27 1 1 1 1
0 28 1 1 1 1
0 29 1 1 1 1
0 30 1 1 1 1
0 31 1 1 1 1
0 32 1 1 1 1
0 33 1 1 1 1
1 0 1 1 1 1
1 1 0 0 1 1
1 2 1 1 0 1
1 3 0 0 1 1
1 4 0 0 0 1
1 5 0 1 0 1
1 6 0 0 0 1
1 7 0 1 0 1
1 8 1 1 0 1
1 9 0 0 1 1
1 10 0 1 0 1
1 11 0 0 0 1
1 12 0 1 0 1
1 13 1 0 0 1
1 14 0 0 1 1
1 15 0 1 0 1
1 16 0 1 0 1
1 17 1 0 0 1
1 18 0 1 1 1
1 19 0 1 0 1
1 20 1 0 0 1
1 21 0 0 1 1
1 22 0 0 0 1
1 23 0 0 0 1
1 24 1 1 0 1
1 25 0 0 1 1
1 26 0 0 0 1
1 27 1 1 0 1
1 28 0 0 1 1
1 29 0 1 0 1
1 30 0 1 0 1
1 31 1 0 0 1
1 32 1 0 1 1
1 33 1 1 1 1
2 0 1 1 1 1
2 1 1 0 1 0
2 2 0 0 1 1
2 3 1 1 0 0
2 4 1 0 1 0
2 5 1 0 1 1
2 6 1 0 1 0
2 7 0 0 1 1
2 8 0 1 0 1
2 9 1 1 0 0
2 10 0 0 1 1
2 11 1 1 0 0
2 12 0 1 1 1
2 13 0 1 0 0
2 14 1 1 0 0
2 15 0 0 1 1
2 16 0 1 0 1
2 17 1 1 0 0
2 18 0 0 1 1
2 19 0 0 0 1
2 20 1 1 0 0
2 21 1 0 1 0
2 22 1 0 1 0
2 23 1 0 1 0
2 24 0 0 1 1
2 25 1 1 0 0
2 26 0 1 1 0
2 27 0 1 0 1
2 28 1 1 0 0
2 29 0 1 1 1
2 30 1 0 0 1
2 31 0 1 1 0
2 32 1 1 0 0
2 33 1 1 1 1
3 0 1 1 1 1
3 1 1 0 1 0
3 2 0 1 1 0
3 3 1 0 0 1
3 4 1 0 1 0
3 5 0 1 1 0
3 6 1 0 0 0
3 7 1 0 1 0
3 8 0 0 1 1
3 9 1 0 0 1
3 10 0 1 1 0
3 11 0 1 0 1
3 12 1 0 0 1
3 13 0 0 1 1
3 14 1 0 0 1
3 15 0 0 1 0
3 16 0 1 0 1
3 17 0 1 0 1
3 18 1 1 0 0
3 19 1 1 1 0
3 20 0 0 1 1
3 21 1 1 0 0
3 22 1 0 1 0
3 23 1 1 1 0
3 24 0 1 1 0
3 25 0 1 0 1
3 26 1 0 0 1
3 27 0 0 1 1
3 28 0 1 0 1
3 29 0 1 0 1
3 30 0 1 0 0
3 31 0 1 0 1
3 32 1 1 0 1
3 33 1 1 1 1
4 0 1 1 1 1
4 1 0 0 1 0
4 2 1 1 0 1
4 3 1 0 1 0
4 4 0 1 1 0
4 5 1 0 0 1
4 6 1 1 1 0
4 7 0 1 1 0
4 8 1 1 0 0
4 9 0 1 1 0
4 10 1 0 0 1
4 11 1 0 1 1
4 12 1 0 1 0
4 13 1 1 1 0
4 14 0 1 1 0
4 15 1 1 0 0
4 16 0 0 1 1
4 17 0 1 0 1
4 18 0 1 0 1
4 19 1 0 0 1
4 20 0 1 1 0
4 21 1 0 0 1
4 22 0 1 1 0
4 23 0 1 0 1
4 24 0 1 0 1
4 25 0 1 0 1
4 26 1 1 0 0
4 27 0 0 1 0
4 28 0 1 0 1
4 29 0 1 0 1
4 30 0 1 0 1
4 31 0 1 0 1
4 32 1 0 0 1
4 33 1 1 1 1
5 0 1 1 1 1
5 1 0 0 1 0
5 2 0 1 0 1
5 3 1 1 0 0
5 4 1 0 1 1
5 5 0 1 1 0
5 6 1 0 0 1
5 7 0 0 1 1
5 8 0 1 0 1
5 9 0 1 0 1
5 10 1 1 0 0
5 11 1 0 1 0
5 12 0 1 1 0
5 13 1 0 0 1
5 14 0 0 1 1
5 15 0 1 0 1
5 16 1 1 0 0
5 17 0 0 1 1
5 18 0 1 0 1
5 19 0 1 0 0
5 20 1 1 0 1
5 21 1 0 1 0
5 22 0 1 1 1
5 23 0 0 0 1
5 24 0 1 0 1
5 25 0 1 0 1
5 26 1 0 0 1
5 27 0 0 1 0
5 28 0 1 0 1
5 29 1 1 0 1
5 30 0 0 1 1
5 31 1 0 0 1
5 32 1 0 1 0
5 33 1 1 1 1
6 0 1 1 1 1
6 1 0 1 1 0
6 2 1 0 0 1
6 3 0 0 1 1
6 4 1 0 0 0
6 5 1 0 1 1
6 6 1 0 1 0
6 7 0 1 1 0
6 8 1 0 0 1
6 9 0 1 1 1
6 10 0 0 0 1
6 11 1 0 0 0
6 12 1 0 1 1
6 13 0 1 1 0
6 14 1 1 0 0
6 15 0 0 1 1
6 16 1 1 0 1
6 17 0 1 1 0
6 18 0 1 0 1
6 19 0 1 0 1
6 20 0 1 0 1
6 21 1 1 0 0
6 22 0 0 1 1
6 23 1 1 0 0
6 24 0 0 1 1
6 25 1 0 0 1
6 26 1 0 1 0
6 27 1 1 1 0
6 28 0 0 1 1
6 29 0 1 0 1
6 30 1 1 0 0
6 31 1 0 1 0
6 32 1 0 1 0
6 33 1 1 1 1
7 0 1 1 1 1
7 1 1 0 1 1
7 2 0 1 1 0
7 3 1 1 0 0
7 4 1 0 1 0
7 5 1 0 1 0
7 6 0 0 1 0
7 7 1 1 0 1
7 8 0 1 1 0
7 9 0 1 0 1
7 10 1 1 0 0
7 11 1 0 1 0
7 12 0 1 1 0
7 13 0 1 0 1
7 14 0 1 0 1
7 15 1 0 0 0
7 16 0 0 1 1
7 17 0 1 0 1
7 18 0 0 0 1
7 19 1 0 0 1
7 20 0 0 1 1
7 21 0 1 0 1
7 22 1 1 0 0
7 23 1 0 1 1
7 24 1 0 1 0
7 25 0 1 1 0
7 26 0 1 0 0
7 27 0 1 0 1
7 28 1 1 0 0
7 29 0 0 1 1
7 30 1 0 0 1
7 31 1 0 1 0
7 32 1 0 1 0
7 33 1 1 1 1
8 0 1 1 1 1
8 1 0 0 1 0
8 2 0 1 0 1
8 3 1 1 0 1
8 4 0 0 1 0
8 5 1 1 0 0
8 6 1 0 1 0
8 7 0 0 1 1
8 8 0 1 0 1
8 9 0 0 0 1
8 10 1 1 0 1
8 11 0 1 1 0
8 12 0 1 0 1
8 13 0 1 0 1
8 14 1 0 0 1
8 15 0 0 1 0
8 16 1 1 0 0
8 17 0 0 1 1
8 18 1 1 0 0
8 19 1 0 1 0
8 20 0 1 1 0
8 21 1 0 0 1
8 22 0 0 1 1
8 23 1 1 0 0
8 24 1 0 1 0
8 25 0 0 1 1
8 26 0 1 0 1
8 27 0 1 0 1
8 28 0 1 0 1
8 29 1 1 0 0
8 30 1 0 1 0
8 31 1 0 1 0
8 32 1 0 1 0
8 33 1 1 1 1
9 0 1 1 1 1
9 1 0 1 1 0
9 2 1 0 0 1
9 3 0 0 1 1
9 4 1 1 0 0
9 5 0 0 1 1
9 6 1 0 0 0
9 7 1 0 1 0
9 8 0 0 1 1
9 9 1 0 0 0
9 10 0 0 1 1
9 11 0 1 0 1
9 12 0 1 0 1
9 13 0 1 0 1
9 14 1 1 0 0
9 15 0 1 1 0
9 16 1 0 0 1
9 17 1 0 1 0
9 18 0 0 1 1
9 19 1 1 0 0
9 20 0 0 1 1
9 21 1 1 0 0
9 22 0 0 1 0
9 23 0 1 0 1
9 24 1 1 0 0
9 25 1 0 1 0
9 26 0 1 1 1
9 27 0 0 0 1
9 28 1 0 0 1
9 29 1 0 1 1
9 30 1 0 1 0
9 31 0 1 1 0
9 32 1 0 0 0
9 33 1 1 1 1
10 0 1 1 1 1
10 1 0 0 1 1
10 2 1 1 0 0
10 3 1 0 1 0
10 4 0 0 1 1
10 5 1 1 0 0
10 6 1 1 1 0
10 7 1 0 1 0
10 8 1 0 1 0
10 9 1 1 1 0
10 10 0 1 1 0
10 11 1 0 0 1
10 12 0 0 1 1
10 13 0 1 0 1
10 14 0 1 0 1
10 15 0 1 0 1
10 16 1 0 0 0
10 17 1 0 1 0
10 18 0 1 1 0
10 19 1 0 0 1
10 20 0 1 1 0
10 21 1 0 0 1
10 22 1 0 1 0
10 23 0 0 1 1
10 24 0 1 0 1
10 25 1 1 0 0
10 26 0 0 1 1
10 27 1 1 0 0
10 28 0 1 1 0
10 29 1 1 0 0
10 30 0 1 1 0
10 31 1 0 0 1
10 32 1 0 1 0
10 33 1 1 1 1
11 0 1 1 1 1
11 1 1 0 1 0
11 2 0 0 1 1
11 3 1 1 0 0
11 4 0 1 1 0
11 5 0 1 0 1
11 6 0 1 0 1
11 7 1 1 0 0
11 8 1 0 1 0
11 9 0 0 1 1
11 10 0 1 0 1
11 11 1 1 0 0
11 12 0 1 1 0
11 13 1 1 0 1
11 14 0 0 1 1
11 15 1 0 0 1
11 16 1 1 1 0
11 17 0 1 1 0
11 18 1 0 0 1
11 19 0 1 1 0
11 20 1 0 0 1
11 21 1 0 1 0
11 22 1 1 1 0
11 23 1 0 1 0
11 24 0 0 1 1
11 25 0 1 0 1
11 26 1 1 0 0
11 27 0 0 1 1
11 28 1 0 0 1
11 29 0 0 1 1
11 30 0 1 0 1
11 31 1 1 0 0
11 32 1 0 1 0
11 33 1 1 1 1
12 0 1 1 1 1
12 1 1 0 1 0
12 2 0 1 1 0
12 3 1 0 0 1
12 4 0 0 1 1
12 5 0 0 0 1
12 6 1 0 0 1
12 7 1 0 1 1
12 8 1 0 1 0
12 9 1 0 1 0
12 10 0 0 1 1
12 11 0 0 0 1
12 12 0 1 0 1
12 13 0 0 0 1
12 14 1 1 0 0
12 15 0 1 1 0
12 16 0 1 0 1
12 17 1 0 0 1
12 18 1 0 1 0
12 19 0 1 1 1
12 20 0 1 0 0
12 21 1 1 0 0
12 22 0 0 1 1
12 23 1 1 0 0
12 24 0 0 1 0
12 25 0 1 0 1
12 26 0 1 0 1
12 27 1 1 0 0
12 28 1 0 1 0
12 29 1 0 1 0
12 30 0 1 1 1
12 31 0 1 0 1
12 32 1 0 0 0
12 33 1 1 1 1
13 0 1 1 1 1
13 1 0 0 1 0
13 2 0 1 0 1
13 3 1 1 0 0
13 4 1 1 1 0
13 5 1 0 1 0
13 6 0 1 1 0
13 7 1 1 0 0
13 8 0 1 1 0
13 9 1 1 0 0
13 10 1 1 1 0
13 11 0 1 1 0
13 12 1 0 0 1
13 13 1 0 1 0
13 14 0 0 1 1
13 15 0 1 0 1
13 16 1 0 0 1
13 17 0 1 1 0
13 18 1 1 0 0
13 19 0 0 1 1
13 20 0 1 0 1
13 21 0 1 0 1
13 22 0 1 0 0
13 23 1 0 0 1
13 24 0 1 1 0
13 25 1 1 0 1
13 26 0 0 1 1
13 27 0 1 0 1
13 28 1 1 0 0
13 29 0 1 1 0
13 30 0 0 0 1
13 31 1 0 0 1
13 32 1 1 1 0
13 33 1 1 1 1
14 0 1 1 1 1
14 1 0 1 1 0
14 2 0 1 0 1
14 3 0 1 0 1
14 4 1 0 0 1
14 5 0 1 1 0
14 6 0 1 0 1
14 7 0 1 0 1
14 8 0 1 0 1
14 9 0 0 0 1
14 10 1 0 0 1
14 11 0 0 1 1
14 12 1 1 0 0
14 13 1 1 1 0
14 14 0 1 1 0
14 15 1 0 0 1
14 16 0 1 1 0
14 17 0 1 0 1
14 18 0 1 0 1
14 19 1 1 0 0
14 20 0 0 1 1
14 21 1 0 0 1
14 22 0 0 1 1
14 23 0 1 0 0
14 24 0 1 0 1
14 25 1 0 0 1
14 26 0 1 1 0
14 27 1 0 0 1
14 28 0 0 1 1
14 29 1 0 0 1
14 30 1 1 1 0
14 31 0 1 1 0
14 32 1 0 0 1
14 33 1 1 1 1
15 0 1 1 1 1
15 1 0 0 1 1
15 2 0 1 0 1
15 3 1 0 0 1
15 4 0 1 1 0
15 5 0 1 0 1
15 6 0 1 0 1
15 7 0 1 0 1
15 8 0 1 0 1
15 9 1 1 0 0
15 10 1 0 1 0
15 11 0 0 1 0
15 12 1 0 0 1
15 13 0 0 1 1
15 14 0 1 0 1
15 15 0 1 0 0
15 16 0 1 0 1
15 17 0 1 0 1
15 18 1 1 0 1
15 19 0 0 1 1
15 20 1 1 0 0
15 21 1 0 1 0
15 22 1 1 1 0
15 23 0 0 1 1
15 24 1 0 0 1
15 25 0 1 1 0
15 26 0 0 0 1
15 27 1 1 0 0
15 28 1 0 1 0
15 29 0 1 1 0
15 30 0 1 0 1
15 31 1 0 0 1
15 32 1 0 1 0
15 33 1 1 1 1
16 0 1 1 1 1
16 1 1 0 1 0
16 2 0 0 1 1
16 3 0 1 0 0
16 4 0 1 0 1
16 5 0 1 0 1
16 6 1 0 0 1
16 7 1 0 1 1
16 8 0 0 1 1
16 9 0 1 0 1
16 10 1 1 0 0
16 11 1 1 1 0
16 12 0 1 1 0
16 13 0 1 0 0
16 14 1 0 0 1
16 15 0 0 1 1
16 16 0 1 0 1
16 17 0 1 0 1
16 18 0 1 0 1
16 19 1 1 0 0
16 20 1 0 1 1
16 21 1 0 1 0
16 22 0 0 1 1
16 23 1 1 0 0
16 24 1 0 1 0
16 25 0 0 1 1
16 26 1 1 0 0
16 27 0 0 1 1
16 28 1 1 0 0
16 29 0 0 1 1
16 30 0 1 0 1
16 31 1 1 0 0
16 32 1 0 1 0
16 33 1 1 1 1
17 0 1 1 1 1
17 1 1 0 1 0
17 2 1 0 1 0
17 3 0 0 1 1
17 4 0 1 0 1
17 5 1 0 0 1
17 6 1 0 1 0
17 7 1 0 1 0
17 8 0 1 1 0
17 9 1 0 0 1
17 10 0 0 1 1
17 11 0 1 0 1
17 12 1 0 0 1
17 13 0 1 1 1
17 14 1 1 0 0
17 15 1 0 1 0
17 16 0 0 1 1
17 17 0 1 0 1
17 18 1 1 0 1
17 19 0 0 1 1
17 20 1 0 0 0
17 21 1 0 1 0
17 22 1 0 1 0
17 23 0 0 1 1
17 24 1 1 0 0
17 25 0 1 1 0
17 26 1 0 0 1
17 27 1 0 1 0
17 28 0 1 1 1
17 29 1 0 0 0
17 30 0 1 1 1
17 31 0 1 0 1
17 32 1 0 0 0
17 33 1 1 1 1
18 0 1 1 1 1
18 1 1 0 1 0
18 2 1 0 1 0
18 3 1 0 1 0
18 4 0 0 1 1
18 5 1 1 0 0
18 6 1 0 1 0
18 7 0 0 1 0
18 8 1 1 0 1
18 9 1 0 1 0
18 10 0 1 1 0
18 11 1 0 0 1
18 12 0 1 1 0
18 13 0 1 0 1
18 14 0 1 0 1
18 15 1 1 0 0
18 16 0 1 1 0
18 17 0 1 0 1
18 18 1 0 0 1
18 19 1 0 1 0
18 20 0 1 1 0
18 21 1 1 0 0
18 22 1 0 1 0
18 23 0 1 1 0
18 24 0 1 0 1
18 25 1 0 0 1
18 26 1 1 1 0
18 27 0 0 1 0
18 28 1 0 0 1
18 29 1 0 1 0
18 30 0 0 1 1
18 31 0 1 0 1
18 32 1 0 0 0
18 33 1 1 1 1
19 0 1 1 1 1
19 1 1 1 1 0
19 2 0 1 1 0
19 3 1 1 0 0
19 4 1 0 1 0
19 5 1 0 1 1
19 6 1 0 1 0
19 7 0 0 1 0
19 8 1 0 0 1
19 9 0 1 1 0
19 10 1 0 0 1
19 11 0 1 1 0
19 12 1 0 0 1
19 13 0 0 1 1
19 14 1 0 0 1
19 15 0 0 1 1
19 16 1 0 0 1
19 17 0 0 1 1
19 18 1 1 0 0
19 19 1 0 1 0
19 20 0 1 1 1
19 21 0 0 0 1
19 22 1 1 0 0
19 23 0 0 1 1
19 24 1 0 0 1
19 25 0 1 1 0
19 26 1 0 0 1
19 27 1 1 1 0
19 28 1 0 1 0
19 29 0 1 1 0
19 30 1 1 0 0
19 31 1 0 1 1
19 32 1 0 1 0
19 33 1 1 1 1
20 0 1 1 1 1
20 1 0 0 1 1
20 2 0 1 0 1
20 3 0 1 0 1
20 4 1 1 0 0
20 5 1 0 1 0
20 6 1 0 1 0
20 7 1 0 1 0
20 8 0 0 1 0
20 9 1 0 0 1
20 10 0 1 1 0
20 11 0 1 0 1
20 12 1 1 0 0
20 13 1 0 1 0
20 14 0 1 1 0
20 15 1 1 0 0
20 16 1 0 1 0
20 17 0 1 1 0
20 18 1 0 0 1
20 19 0 1 1 0
20 20 0 1 0 1
20 21 1 1 0 0
20 22 0 0 1 1
20 23 1 0 0 0
20 24 0 1 1 0
20 25 1 0 0 1
20 26 0 1 1 0
20 27 0 1 0 1
20 28 1 1 0 0
20 29 1 0 1 1
20 30 0 0 1 1
20 31 0 1 0 0
20 32 1 1 0 0
20 33 1 1 1 1
21 0 1 1 1 1
21 1 0 1 1 0
21 2 1 0 0 1
21 3 0 0 1 1
21 4 0 1 0 1
21 5 1 0 0 0
21 6 1 0 1 0
21 7 1 1 1 0
21 8 1 0 1 0
21 9 0 1 1 0
21 10 0 1 0 1
21 11 1 0 0 1
21 12 0 0 1 1
21 13 0 1 0 0
21 14 0 1 0 1
21 15 1 0 0 1
21 16 0 1 1 0
21 17 0 1 0 1
21 18 0 1 0 0
21 19 0 1 0 1
21 20 1 0 0 1
21 21 0 0 1 1
21 22 1 1 0 0
21 23 1 0 1 0
21 24 0 0 1 1
21 25 0 1 0 0
21 26 0 1 0 1
21 27 0 1 0 1
21 28 1 1 0 1
21 29 0 0 1 0
21 30 1 1 0 0
21 31 0 0 1 1
21 32 1 0 0 1
21 33 1 1 1 1
22 0 1 1 1 1
22 1 0 0 1 1
22 2 1 1 0 0
22 3 1 1 1 0
22 4 0 0 1 1
22 5 1 1 0 0
22 6 0 1 1 0
22 7 0 1 0 1
22 8 1 1 0 0
22 9 0 0 1 1
22 10 1 1 0 1
22 11 1 0 1 0
22 12 1 0 1 0
22 13 0 0 1 1
22 14 1 1 0 1
22 15 0 1 1 0
22 16 1 0 0 1
22 17 0 1 1 1
22 18 0 1 0 1
22 19 0 1 0 1
22 20 1 1 0 0
22 21 1 0 1 0
22 22 1 0 1 1
22 23 1 0 1 0
22 24 1 0 1 0
22 25 1 0 1 1
22 26 0 0 1 1
22 27 1 0 0 1
22 28 0 0 1 1
22 29 1 1 0 0
22 30 0 1 1 1
22 31 1 0 0 0
22 32 1 0 1 0
22 33 1 1 1 1
23 0 1 1 1 1
23 1 1 0 1 0
23 2 0 0 1 1
23 3 0 1 0 1
23 4 1 1 0 0
23 5 0 0 1 1
23 6 1 0 0 1
23 7 0 0 1 1
23 8 0 1 0 1
23 9 1 0 0 0
23 10 0 0 1 1
23 11 1 1 0 0
23 12 1 0 1 0
23 13 0 0 1 0
23 14 0 1 0 1
23 15 1 0 0 1
23 16 1 0 1 0
23 17 0 0 1 1
23 18 0 1 0 1
23 19 0 1 0 1
23 20 1 0 0 1
23 21 0 1 1 0
23 22 1 0 0 0
23 23 1 0 1 0
23 24 0 0 1 0
23 25 1 1 0 0
23 26 1 0 1 0
23 27 0 1 1 0
23 28 1 1 0 0
23 29 0 0 1 1
23 30 1 0 0 1
23 31 1 0 1 0
23 32 1 0 1 0
23 33 1 1 1 1
24 0 1 1 1 1
24 1 1 0 1 0
24 2 0 1 1 0
24 3 0 1 0 1
24 4 0 1 0 1
24 5 1 1 0 0
24 6 0 1 1 0
24 7 0 1 0 0
24 8 1 1 0 1
24 9 0 1 1 0
24 10 1 1 0 0
24 11 0 0 1 1
24 12 1 1 0 0
24 13 1 0 1 0
24 14 0 0 1 1
24 15 1 1 0 0
24 16 0 1 1 0
24 17 1 1 0 0
24 18 0 1 1 1
24 19 1 0 0 1
24 20 1 0 1 0
24 21 0 0 1 1
24 22 1 1 0 0
24 23 1 0 1 0
24 24 1 0 1 0
24 25 0 0 1 1
24 26 1 1 0 0
24 27 0 1 1 1
24 28 0 1 0 1
24 29 1 0 0 0
24 30 0 1 1 0
24 31 1 1 0 0
24 32 1 0 1 0
24 33 1 1 1 1
25 0 1 1 1 1
25 1 0 1 1 0
25 2 0 1 0 1
25 3 0 0 0 1
25 4 1 0 0 1
25 5 0 0 1 1
25 6 0 1 0 1
25 7 0 1 0 1
25 8 1 0 0 1
25 9 0 0 1 1
25 10 0 1 0 1
25 11 1 1 0 0
25 12 0 0 1 1
25 13 1 1 0 0
25 14 0 1 1 0
25 15 0 1 0 1
25 16 0 1 0 1
25 17 0 1 0 1
25 18 0 0 0 1
25 19 1 1 0 0
25 20 0 1 1 0
25 21 0 1 0 0
25 22 1 1 0 1
25 23 1 0 1 0
25 24 1 0 1 0
25 25 0 1 1 0
25 26 0 1 0 1
25 27 0 1 0 1
25 28 1 0 0 1
25 29 0 1 1 0
25 30 0 1 0 1
25 31 1 0 0 1
25 32 1 0 1 0
25 33 1 1 1 1
26 0 1 1 1 1
26 1 0 0 1 1
26 2 1 0 0 1
26 3 1 1 1 0
26 4 1 0 1 0
26 5 1 0 1 0
26 6 0 1 1 1
26 7 1 0 0 1
26 8 0 1 1 0
26 9 1 1 0 0
26 10 0 1 1 1
26 11 0 1 0 1
26 12 0 1 0 0
26 13 1 1 0 1
26 14 0 0 1 1
26 15 0 1 0 1
26 16 0 1 0 1
26 17 1 0 0 1
26 18 0 1 1 0
26 19 0 0 0 1
26 20 1 0 0 1
26 21 0 0 1 1
26 22 0 1 0 1
26 23 1 1 0 0
26 24 0 1 1 0
26 25 0 1 0 1
26 26 1 0 0 1
26 27 1 0 1 1
26 28 0 1 1 0
26 29 0 1 0 1
26 30 0 1 0 1
26 31 1 1 0 0
26 32 1 0 1 0
26 33 1 1 1 1
27 0 1 1 1 1
27 1 1 0 1 0
27 2 0 1 1 0
27 3 0 1 0 1
27 4 1 0 0 0
27 5 0 1 1 0
27 6 0 1 0 1
27 7 1 0 0 0
27 8 0 1 1 1
27 9 0 0 0 1
27 10 0 1 0 1
27 11 0 1 0 1
27 12 1 0 0 1
27 13 0 0 1 1
27 14 1 1 0 0
27 15 0 0 1 1
27 16 1 1 0 1
27 17 1 0 1 0
27 18 0 0 1 1
27 19 1 1 0 0
27 20 1 1 1 0
27 21 0 1 1 0
27 22 1 0 0 1
27 23 0 0 1 1
27 24 0 1 0 1
27 25 0 1 0 1
27 26 1 1 0 0
27 27 0 0 1 0
27 28 0 0 0 1
27 29 0 1 0 1
27 30 1 1 0 1
27 31 0 0 1 1
27 32 1 1 0 0
27 33 1 1 1 1
28 0 1 1 1 1
28 1 1 0 1 0
28 2 0 0 1 1
28 3 1 0 0 1
28 4 1 0 1 0
28 5 0 0 1 1
28 6 1 0 0 1
28 7 0 1 1 0
28 8 0 1 0 1
28 9 1 1 0 0
28 10 0 0 1 1
28 11 1 0 0 1
28 12 0 1 1 0
28 13 1 1 0 0
28 14 0 1 1 1
28 15 0 1 0 0
28 16 1 0 0 1
28 17 1 0 1 0
28 18 0 1 1 0
28 19 0 1 0 1
28 20 1 0 0 1
28 21 0 0 1 1
28 22 1 1 0 0
28 23 1 0 1 0
28 24 0 1 1 1
28 25 0 1 0 1
28 26 0 0 0 1
28 27 1 0 0 0
28 28 1 1 1 0
28 29 0 0 1 1
28 30 0 1 0 1
28 31 1 1 0 0
28 32 1 0 1 1
28 33 1 1 1 1
29 0 1 1 1 1
29 1 1 0 1 0
29 2 1 0 1 0
29 3 1 1 1 0
29 4 0 1 1 0
29 5 1 1 0 0
29 6 1 0 1 0
29 7 0 0 1 1
29 8 0 1 0 1
29 9 0 1 0 1
29 10 1 1 0 0
29 11 1 0 1 0
29 12 0 1 1 1
29 13 0 1 0 1
29 14 0 0 0 1
29 15 1 0 0 1
29 16 1 0 1 0
29 17 0 1 1 0
29 18 0 1 0 1
29 19 1 0 0 1
29 20 1 0 1 0
29 21 0 1 1 0
29 22 1 0 0 1
29 23 0 1 1 0
29 24 0 1 0 1
29 25 1 0 0 1
29 26 1 0 1 0
29 27 1 0 1 0
29 28 0 0 1 1
29 29 1 1 0 0
29 30 0 1 1 1
29 31 0 1 0 1
29 32 1 0 0 0
29 33 1 1 1 1
30 0 1 1 1 1
30 1 1 0 1 0
30 2 1 0 1 0
30 3 0 0 1 1
30 4 0 1 0 1
30 5 0 1 0 1
30 6 0 1 0 0
30 7 1 1 0 0
30 8 0 0 1 1
30 9 0 1 0 1
30 10 0 1 0 1
30 11 0 1 0 0
30 12 0 0 0 1
30 13 0 1 0 1
30 14 1 1 0 0
30 15 0 1 1 0
30 16 0 1 0 0
30 17 1 1 0 1
30 18 0 0 1 1
30 19 1 1 0 0
30 20 0 1 1 0
30 21 1 0 0 1
30 22 0 1 1 0
30 23 0 1 0 1
30 24 1 0 0 1
30 25 0 1 1 0
30 26 1 1 0 0
30 27 1 1 1 0
30 28 1 0 1 0
30 29 0 0 1 1
30 30 0 1 0 1
30 31 0 1 0 1
30 32 1 0 0 0
30 33 1 1 1 1
31 0 1 1 1 1
31 1 1 0 1 0
31 2 0 1 1 0
31 3 1 1 0 0
31 4 0 0 1 1
31 5 1 0 0 1
31 6 0 0 1 1
31 7 1 0 0 1
31 8 1 1 1 0
31 9 0 0 1 1
31 10 0 1 0 1
31 11 1 0 0 1
31 12 1 1 1 0
31 13 0 0 1 1
31 14 0 1 0 1
31 15 0 1 0 1
31 16 1 0 0 1
31 17 0 0 1 1
31 18 1 1 0 0
31 19 0 1 1 1
31 20 0 0 0 1
31 21 1 0 0 0
31 22 0 1 1 1
31 23 1 0 0 1
31 24 0 1 1 0
31 25 0 1 0 1
31 26 0 1 0 1
31 27 0 1 0 1
31 28 1 1 0 0
31 29 0 1 1 0
31 30 1 0 0 1
31 31 1 0 1 1
31 32 1 0 1 0
31 33 1 1 1 1
32 0 1 1 1 1
32 1 0 1 1 0
32 2 0 1 0 1
32 3 0 1 0 1
32 4 1 1 0 0
32 5 0 1 1 0
32 6 1 1 0 0
32 7 0 1 1 0
32 8 0 1 0 1
32 9 0 1 0 0
32 10 1 1 0 1
32 11 0 1 1 0
32 12 0 1 0 1
32 13 0 1 0 0
32 14 0 1 0 1
32 15 1 1 0 1
32 16 0 1 1 0
32 17 0 1 0 0
32 18 0 1 0 1
32 19 0 1 0 1
32 20 1 1 0 0
32 21 0 1 1 0
32 22 0 1 0 1
32 23 0 1 0 0
32 24 0 1 0 1
32 25 0 1 0 1
32 26 0 1 0 1
32 27 0 1 0 1
32 28 0 1 0 1
32 29 0 1 0 1
32 30 1 1 0 0
32 31 0 1 1 0
32 32 1 1 0 0
32 33 1 1 1 1
33 0 1 1 1 1
33 1 1 1 1 1
33 2 1 1 1 1
33 3 1 1 1 1
33 4 1 1 1 1
33 5 1 1 1 1
33 6 1 1 1 1
33 7 1 1 1 1
33 8 1 1 1 1
33 9 1 1 1 1
33 10 1 1 1 1
33 11 1 1 1 1
33 12 1 1 1 1
33 13 1 1 1 1
33 14 1 1 1 1
33 15 1 1 1 1
33 16 1 1 1 1
33 17 1 1 1 1
33 18 1 1 1 1
33 19 1 1 1 1
33 20 1 1 1 1
33 21 1 1 1 1
33 22 1 1 1 1
33 23 1 1 1 1
33 24 1 1 1 1
33 25 1 1 1 1
33 26 1 1 1 1
33 27 1 1 1 1
33 28 1 1 1 1
33 29 1 1 1 1
33 30 1 1 1 1
33 31 1 1 1 1
33 32 1 1 1 1
33 33 1 1 1 1
